     21
     1    2    1200000.0   1395.0   
     1    8    1500000.0    701.0
     1   12    1300000.0    678.0
     1   16    1500000.0    959.0
     2    3    1200000.0    413.0
     2   11    1500000.0    699.0
     2   13    1300000.0    700.0
     3    4    1500000.0    238.0
     4    5    1300000.0    262.0
     5    6    2000000.0    308.0
     5   10    1400000.0    252.0
     6    7    1900000.0    551.0
     7    9    1500000.0    188.0
     8   14    1500000.0    484.0
     9   21    1300000.0    205.0
    10   15    1500000.0    369.0
    11   15    1400000.0    337.0
    12   16    1500000.0    347.0
    13   17    1600000.0    663.0
    14   17    1500000.0    588.0
    15   19    1400000.0    424.0
    16   17    1500000.0   1240.0 
    17   18    1400000.0    225.0
    18   19    1500000.0    318.0
    19   20    2000000.0    669.0
    20   21    1700000.0    923.0